100 2999 3
2 1
3 2
4 1
5 4
6 2
7 2
8 3
9 7
10 7
11 2
12 10
13 6
14 13
15 9
16 4
17 7
18 3
19 6
20 13
21 9
22 7
23 7
24 4
25 6
26 10
27 1
28 11
29 17
30 28
31 2
32 22
33 11
34 28
35 14
36 13
37 13
38 31
39 16
40 24
41 23
42 15
43 18
44 5
45 11
46 39
47 28
48 32
49 19
50 8
51 39
52 26
53 30
54 41
55 54
56 31
57 46
58 35
59 16
60 59
61 17
62 43
63 51
64 16
65 32
66 25
67 15
68 37
69 59
70 66
71 52
72 5
73 4
74 50
75 60
76 27
77 57
78 27
79 21
80 77
81 34
82 64
83 66
84 38
85 71
86 84
87 72
88 28
89 62
90 4
91 56
92 8
93 36
94 14
95 91
96 54
97 73
98 15
99 54
100 84
12 62
46 95
48 83
33 6
95 39
43 47
29 81
70 13
48 55
83 67
85 6
50 14
12 97
47 94
49 66
75 71
49 89
55 49
10 8
47 97
71 47
77 6
8 52
83 82
76 28
76 53
85 36
79 12
94 51
55 58
37 20
33 61
81 56
86 49
14 65
63 95
88 16
33 16
76 15
93 37
88 94
43 27
67 36
83 16
71 97
32 20
62 54
59 90
34 12
75 33
82 72
99 42
64 79
42 89
45 53
68 65
51 22
83 53
57 42
49 1
75 63
12 78
35 89
85 79
72 57
58 8
63 12
55 46
52 57
68 36
13 40
94 50
38 96
50 69
25 88
70 99
37 94
44 46
63 89
100 13
41 76
38 63
36 74
91 96
86 74
52 28
33 32
43 45
62 3
14 66
82 69
26 40
23 3
18 22
64 17
28 87
86 24
15 41
71 77
10 11
31 50
81 64
38 98
44 86
1 89
29 51
56 32
44 10
15 18
75 14
52 58
30 79
70 19
44 66
84 79
23 14
51 20
24 31
52 24
11 55
40 72
11 88
3 14
3 78
67 25
44 90
81 66
65 17
1 79
16 45
87 92
39 4
51 57
49 67
29 9
48 73
34 68
27 13
70 53
61 56
4 56
30 58
19 71
52 55
47 23
93 90
51 26
49 57
34 41
52 77
13 45
98 7
92 93
81 41
28 38
70 88
76 2
98 85
32 13
58 92
11 61
69 53
14 80
37 81
24 95
24 43
57 10
10 62
48 78
93 82
82 88
94 100
1 22
48 52
19 97
17 14
67 26
98 53
45 46
75 83
66 27
80 88
34 83
100 79
49 21
22 41
83 40
33 47
82 20
80 21
12 100
15 6
83 3
91 62
93 38
92 72
67 32
75 93
13 74
16 77
44 52
66 53
81 42
78 21
50 64
85 60
58 34
23 63
92 37
39 33
66 29
14 67
64 59
61 45
55 7
30 34
16 20
22 86
73 25
81 99
41 33
91 1
100 39
70 24
17 54
61 37
1 93
97 35
67 78
100 99
48 41
12 11
97 64
61 35
100 81
12 27
1 8
65 77
35 48
56 53
56 47
58 81
78 16
7 79
15 55
31 75
93 6
99 46
15 11
60 25
75 79
37 3
4 15
87 59
57 59
51 31
60 54
33 69
22 29
42 37
87 10
78 94
25 7
54 46
79 82
56 80
22 47
79 42
27 96
64 7
30 38
2 16
10 86
35 15
32 4
69 1
23 12
58 10
28 92
52 74
89 67
43 26
79 69
87 3
69 65
29 84
41 43
82 78
91 65
56 29
19 92
40 100
24 68
33 20
81 25
37 71
74 94
18 72
64 92
47 21
44 9
18 91
73 22
32 55
69 61
33 81
86 38
62 81
4 54
20 68
31 82
33 95
6 100
95 2
25 69
83 65
50 56
88 73
7 71
35 21
41 21
52 82
54 38
9 37
26 16
6 54
99 19
32 60
78 50
80 90
70 75
41 69
67 50
15 84
56 36
26 53
83 90
72 2
34 88
58 94
29 36
85 59
100 18
69 49
26 71
44 89
97 39
79 24
83 45
48 77
21 32
89 95
79 66
67 27
11 97
53 95
2 50
31 30
88 14
40 94
21 3
65 78
41 89
28 64
87 60
14 79
65 21
4 85
65 42
43 50
73 83
20 15
45 96
100 34
91 69
79 87
55 82
30 82
9 36
20 78
10 71
43 86
12 49
57 38
26 2
53 54
24 37
36 84
17 53
36 41
18 19
42 74
31 41
96 30
60 81
86 7
57 68
35 94
85 90
17 42
34 38
86 75
59 26
98 42
21 11
19 79
52 5
79 48
11 35
53 42
13 29
89 14
61 34
10 100
24 48
52 36
30 88
74 40
42 49
19 23
84 4
56 3
76 18
93 45
49 45
59 96
27 83
40 19
72 56
36 90
57 8
17 55
83 81
69 8
69 24
34 54
21 5
10 43
64 4
46 41
67 92
45 40
72 10
80 40
77 75
43 84
13 44
77 26
56 43
61 27
16 99
49 74
40 88
98 24
21 48
71 89
49 79
16 96
68 22
66 12
19 11
22 97
19 16
60 57
58 98
44 11
3 12
43 99
39 79
20 8
18 62
85 28
95 62
81 57
42 25
28 90
31 40
91 9
68 94
99 1
12 74
90 49
76 40
74 11
23 51
20 86
11 77
86 18
40 66
25 12
34 84
2 81
74 28
6 45
18 82
90 69
17 19
14 12
50 98
32 94
100 87
63 8
74 8
85 1
39 24
16 73
13 59
16 1
52 96
27 39
16 69
4 74
50 85
67 99
30 10
85 20
67 11
68 60
63 11
39 64
96 89
100 20
58 66
33 56
48 1
18 79
33 66
83 63
69 26
93 70
57 19
39 77
88 90
38 55
67 6
89 72
56 51
63 55
92 66
20 62
56 82
10 2
94 23
26 99
73 42
84 63
84 33
2 98
15 99
53 87
9 33
93 69
14 60
27 53
18 12
24 91
70 83
47 49
47 24
93 48
28 18
25 96
12 67
54 76
86 50
79 38
69 99
63 3
41 14
81 52
93 62
20 94
79 5
87 31
35 8
33 12
46 85
53 71
32 5
31 27
72 86
42 60
33 1
40 71
68 59
71 82
69 15
70 56
66 31
47 15
2 29
68 47
62 1
35 80
55 25
97 7
94 6
35 95
72 15
91 57
75 72
24 61
68 99
65 41
99 93
92 80
47 39
67 42
29 49
38 67
5 31
50 6
8 89
26 5
5 41
86 79
48 95
84 10
12 31
53 88
54 47
20 22
4 61
63 18
65 67
74 34
1 76
39 67
71 6
16 68
23 93
63 62
84 54
77 61
61 94
63 48
29 38
3 43
21 81
74 63
5 48
33 80
19 29
85 70
93 20
38 16
92 73
99 7
9 87
26 89
100 14
64 34
47 89
69 29
17 36
80 4
14 85
83 69
54 79
68 78
46 63
95 97
91 20
28 42
66 59
89 43
39 9
95 30
38 18
76 96
25 2
8 98
56 74
51 55
96 99
91 40
67 7
53 60
58 38
60 58
6 28
51 43
27 75
56 6
4 95
17 49
12 42
92 65
21 98
45 75
49 31
82 87
93 46
10 67
38 9
98 81
57 74
96 48
91 78
12 82
95 49
17 41
2 19
77 64
78 34
7 85
30 51
7 66
90 64
46 69
84 27
44 77
13 78
95 15
92 53
39 89
46 83
34 93
37 57
19 63
58 32
25 63
5 24
72 32
54 80
14 52
50 95
72 54
56 19
89 27
82 76
19 27
54 25
22 11
65 49
68 80
21 14
1 36
14 58
8 42
16 97
77 68
89 46
6 39
63 90
96 83
45 92
14 33
12 7
71 60
40 18
45 84
92 44
51 70
97 94
3 6
98 74
43 12
81 20
37 60
54 59
46 11
88 39
80 31
44 25
36 16
78 26
18 94
85 68
41 91
54 78
73 98
50 26
34 32
76 84
37 54
64 35
65 44
68 26
39 75
70 23
58 36
40 52
72 52
87 5
70 82
83 28
56 7
7 46
90 2
78 99
88 41
30 37
20 24
17 68
54 82
58 33
52 84
63 22
12 45
31 13
69 100
3 17
33 87
84 39
13 88
47 30
30 15
35 85
61 9
84 98
19 84
91 6
39 62
83 62
31 60
83 99
97 100
30 94
7 73
19 7
24 14
39 21
54 97
1 6
81 86
64 56
2 65
94 22
73 90
25 19
23 78
19 80
2 93
49 60
92 100
63 4
81 63
45 94
25 72
74 90
97 30
44 68
89 73
85 58
59 27
35 7
88 36
73 95
10 77
13 62
51 19
65 86
48 53
33 15
21 16
87 42
21 57
28 77
82 36
95 74
32 35
40 93
4 26
45 34
66 46
95 51
32 74
64 15
44 73
79 55
4 93
44 100
94 52
1 54
62 44
67 9
40 17
74 17
76 20
6 84
67 1
73 23
52 67
44 71
56 100
94 63
53 63
98 48
57 89
7 94
73 53
93 50
99 95
83 77
41 58
11 54
46 16
91 35
81 27
97 41
54 86
18 99
11 40
43 28
45 33
6 11
31 16
13 23
73 57
89 45
94 25
45 52
5 83
61 79
68 35
52 97
36 18
70 91
54 32
14 25
40 10
28 57
16 35
47 5
29 60
49 38
44 50
61 21
48 31
63 32
34 36
77 4
93 47
4 19
48 34
22 34
46 60
40 51
17 12
84 22
57 45
51 46
93 67
9 11
59 62
47 36
91 46
56 99
46 73
64 8
60 74
72 62
7 81
1 98
3 93
4 47
73 80
59 35
56 11
17 50
84 56
84 61
34 15
29 44
97 37
31 96
40 35
2 54
60 38
34 94
48 3
31 94
37 59
34 11
55 3
15 62
18 97
82 46
37 48
53 39
9 1
20 1
30 20
15 26
63 35
49 50
91 86
87 73
33 60
89 91
39 31
69 10
98 61
33 25
18 59
63 54
44 30
66 57
78 63
43 22
97 80
79 17
83 21
95 21
23 46
79 80
97 42
61 2
82 9
95 54
16 6
25 28
11 91
24 80
30 84
38 17
63 33
30 65
17 31
66 50
46 2
40 81
44 72
51 80
73 99
12 32
27 15
87 43
33 64
73 96
31 70
96 22
95 28
5 1
20 58
40 33
16 23
62 78
61 23
87 78
60 17
83 64
24 30
93 83
14 63
78 47
62 82
52 2
80 57
94 55
52 80
59 8
46 64
54 81
67 48
36 4
38 48
8 28
20 69
15 59
2 13
82 91
25 8
60 97
42 56
27 11
50 13
3 16
14 48
1 47
50 36
89 18
35 98
16 52
66 93
72 53
99 66
74 24
40 70
31 36
60 39
100 32
32 93
37 21
81 94
69 60
82 73
11 79
79 8
17 23
52 33
39 45
50 79
59 12
69 97
70 1
71 28
18 55
34 75
9 50
21 68
19 32
100 26
56 17
65 35
25 52
55 35
44 55
9 84
73 24
14 2
94 39
68 33
76 68
96 1
66 17
22 83
32 85
66 100
44 31
100 36
33 31
83 52
35 13
57 40
26 35
40 41
12 2
50 1
54 50
25 47
51 73
90 77
66 1
20 55
66 88
54 100
43 46
29 88
38 20
14 9
1 3
90 7
8 14
92 57
64 78
40 89
5 49
17 86
12 90
99 80
30 89
3 70
65 57
5 88
17 39
35 42
16 15
13 87
89 16
56 37
71 33
1 68
81 6
95 59
54 75
79 37
48 2
8 51
76 43
97 61
83 9
41 19
5 56
17 96
52 23
78 75
51 49
35 49
78 88
89 38
1 29
39 18
9 76
15 79
73 79
79 28
7 37
55 78
97 53
84 92
92 1
28 29
74 78
22 15
51 85
98 40
52 43
27 74
58 44
65 5
64 60
59 22
76 98
16 42
8 16
87 16
80 30
63 30
83 8
85 42
6 88
86 23
11 52
31 81
19 87
23 84
62 24
53 85
98 64
40 39
86 9
37 91
40 99
42 47
75 53
12 20
35 81
82 14
3 35
41 62
19 28
46 72
83 42
88 56
43 69
97 87
13 30
70 57
91 49
24 13
95 84
71 2
88 81
53 62
28 37
17 35
4 57
87 47
54 29
17 24
1 17
54 16
70 25
30 92
68 72
34 16
89 31
60 90
45 65
100 42
6 61
17 51
84 74
27 5
63 16
82 29
15 24
62 94
61 46
93 57
75 42
64 18
11 41
64 67
21 4
14 26
42 24
43 65
43 77
42 29
59 89
80 60
66 78
83 31
44 82
94 13
88 95
39 2
29 33
63 64
48 13
9 18
17 44
38 56
35 43
91 54
95 37
80 69
21 44
96 97
15 89
77 21
30 61
74 6
37 38
29 4
97 10
55 9
5 80
92 68
86 46
84 7
48 30
62 28
46 68
92 4
100 33
18 53
45 26
36 99
53 81
3 86
35 69
49 41
81 72
78 32
4 79
72 13
66 87
66 65
53 64
54 9
41 56
4 51
55 19
67 40
30 87
26 32
46 52
75 55
88 44
3 75
49 18
43 94
43 78
21 53
58 72
98 5
28 24
38 73
23 4
56 34
46 100
50 88
73 18
2 77
36 24
90 19
50 25
3 38
14 45
64 68
5 99
92 24
7 20
11 60
46 62
24 16
43 8
93 30
91 2
10 4
16 44
74 30
30 54
33 76
21 30
17 13
11 87
22 17
90 50
4 9
28 86
6 46
29 31
51 16
63 80
57 61
4 8
93 24
45 10
69 5
52 7
58 59
83 41
43 32
72 35
95 72
3 26
17 8
50 16
77 60
53 80
61 90
48 86
74 2
43 25
80 27
88 76
12 26
55 100
55 37
66 85
74 3
77 34
53 46
89 64
21 74
78 53
43 11
76 90
26 85
74 19
13 82
27 82
22 56
7 8
79 60
15 83
88 19
23 76
52 50
29 27
84 75
5 94
65 7
62 29
32 31
49 36
5 2
61 48
31 18
14 15
28 39
23 55
19 66
65 31
9 5
35 90
29 6
79 70
70 11
65 73
26 18
20 67
95 45
82 37
36 15
50 77
88 21
19 95
22 66
27 48
30 100
14 6
32 76
1 95
28 27
6 20
39 56
58 87
39 15
18 13
88 72
76 93
45 51
80 34
96 92
50 97
17 94
22 91
59 75
53 9
65 8
40 15
31 25
10 6
79 74
56 73
11 76
25 86
93 96
20 34
10 46
43 55
40 29
21 27
27 42
37 41
10 31
40 87
13 89
36 3
64 54
56 92
2 66
67 19
58 24
39 61
99 91
17 100
57 76
56 75
72 47
37 85
50 39
75 76
32 80
39 66
64 47
3 44
67 84
83 12
3 45
41 16
77 19
44 60
36 22
15 7
41 100
44 83
20 74
64 22
23 36
12 37
43 2
39 20
60 83
21 20
81 49
38 64
69 68
1 11
37 29
68 45
6 41
50 62
71 30
52 88
35 53
28 59
83 24
50 32
14 71
16 48
38 2
26 46
10 16
25 24
63 92
63 36
48 84
86 36
24 12
17 33
3 5
3 96
28 54
78 4
32 96
43 81
62 40
61 51
18 6
67 16
39 36
56 59
6 26
86 5
14 20
98 69
35 34
55 86
58 13
20 95
90 42
47 57
10 98
58 70
89 12
83 55
15 74
77 29
44 8
56 87
52 62
30 49
37 99
95 92
10 96
58 6
15 81
79 88
4 87
29 18
84 3
43 17
62 76
100 25
18 30
60 36
15 44
59 80
68 54
3 92
4 98
66 77
44 69
56 98
2 92
27 57
43 33
73 61
75 25
20 48
87 70
12 73
94 21
28 21
41 18
97 90
88 84
36 62
27 86
95 27
53 22
52 69
22 75
8 68
67 77
14 47
81 11
84 94
72 41
44 91
43 36
90 32
43 95
62 80
36 30
88 51
60 76
27 65
63 66
51 37
32 15
53 11
27 6
79 9
49 87
98 72
98 28
66 9
82 39
5 18
55 81
17 80
1 65
12 52
2 24
86 15
57 87
91 21
73 19
62 86
86 37
82 15
52 49
83 51
90 15
7 30
94 11
74 58
85 89
26 86
78 73
11 83
99 74
34 55
52 89
31 84
66 24
30 17
54 92
47 2
37 1
90 26
10 70
15 85
35 79
67 69
35 9
70 9
80 44
55 45
92 85
45 18
35 71
11 89
38 85
98 66
29 52
24 32
55 36
30 11
94 46
16 100
18 7
29 65
58 4
36 33
72 74
48 72
96 19
85 24
44 20
6 4
9 73
75 100
99 84
95 85
97 89
36 5
54 66
54 20
47 63
53 96
66 8
91 29
88 18
97 83
26 23
56 28
36 38
58 77
26 13
48 56
11 48
23 91
25 3
84 51
58 84
9 74
81 69
25 39
71 69
39 70
25 62
89 79
7 45
97 20
41 42
16 85
27 44
32 18
13 57
29 24
25 40
41 93
82 51
97 75
100 85
95 58
66 16
83 76
11 17
2 99
88 86
42 5
93 89
94 28
63 59
10 90
83 58
24 10
99 71
71 41
27 97
76 5
26 28
99 79
100 23
89 74
43 85
98 75
19 39
42 44
1 7
92 17
95 18
87 14
43 54
74 85
24 88
74 77
62 6
7 51
6 30
17 78
96 13
23 25
53 51
10 61
6 12
100 45
61 58
1 75
56 35
2 49
78 33
32 64
82 49
13 93
74 41
54 27
21 73
85 86
57 58
96 41
78 92
10 32
52 32
81 38
40 65
91 17
40 43
94 77
92 89
6 31
13 77
10 3
45 54
95 96
18 96
23 75
13 49
87 18
80 41
28 17
99 85
1 19
56 27
95 12
85 54
32 98
99 53
58 23
54 33
21 62
100 86
32 28
82 53
69 45
75 19
14 96
22 27
31 35
68 89
58 91
2 56
70 89
21 29
22 5
44 47
99 13
95 44
89 28
55 56
27 99
24 84
60 100
83 61
78 40
29 71
43 88
78 85
61 55
92 10
82 97
28 96
60 96
19 60
35 28
65 56
47 52
69 39
53 8
71 87
17 62
72 19
88 55
89 77
44 12
5 89
31 72
22 44
61 62
88 4
50 20
49 33
68 51
9 26
80 71
1 63
12 88
25 97
96 15
17 63
15 97
68 81
70 49
57 43
34 60
62 67
98 99
81 80
93 73
14 22
82 92
75 13
96 4
28 9
43 80
74 47
67 34
79 25
44 39
32 7
29 78
26 55
27 71
24 19
11 47
100 7
54 71
91 8
78 56
40 1
59 38
82 94
44 49
99 60
3 9
16 28
22 99
60 5
13 79
24 34
27 79
70 74
51 76
66 10
40 75
13 90
51 86
76 48
44 19
57 86
59 41
25 87
97 46
19 20
53 100
44 76
43 60
99 44
95 81
8 100
41 73
2 78
91 42
96 77
82 38
73 26
23 53
8 26
38 44
45 47
44 81
67 56
4 60
52 70
53 19
88 3
20 73
6 80
2 73
47 40
66 48
7 91
96 40
12 36
17 58
60 6
49 83
62 42
31 59
68 27
98 46
32 38
81 50
8 40
16 60
38 21
100 29
30 45
67 73
10 39
28 40
81 70
86 93
19 58
67 58
60 92
30 81
18 34
1 94
43 48
82 61
13 22
67 17
46 67
99 57
77 63
80 91
33 48
29 57
37 52
33 8
91 5
23 77
26 64
92 29
1 71
29 61
39 22
55 4
70 50
65 63
69 94
70 96
73 70
94 98
99 97
74 100
95 13
54 39
41 63
90 33
55 30
15 63
42 93
57 83
91 28
46 74
74 76
99 72
23 45
95 5
18 1
86 4
61 92
15 61
67 41
70 71
73 15
41 68
9 97
90 67
94 91
4 97
14 43
8 5
51 54
84 46
64 96
13 64
29 7
75 12
49 80
69 12
75 80
97 17
98 82
71 84
42 64
99 62
72 28
81 26
76 26
57 23
28 5
61 91
79 40
45 5
87 77
3 7
48 4
43 92
4 99
74 66
89 81
91 50
83 56
76 25
20 72
34 71
88 74
78 18
93 58
21 13
62 56
66 71
25 22
14 51
68 3
8 61
65 90
79 10
52 64
23 49
45 32
55 85
87 96
85 61
89 98
7 11
13 42
92 27
14 69
46 31
86 67
36 10
10 47
61 63
65 99
65 64
72 4
42 84
36 61
59 74
64 84
48 28
80 12
99 64
3 50
17 18
61 81
41 78
52 78
89 80
75 61
73 86
46 76
46 70
93 94
22 6
38 33
71 3
32 47
41 57
7 60
21 72
37 40
58 63
77 7
39 30
16 56
14 91
8 85
57 22
53 61
87 61
67 31
15 8
75 11
27 45
60 65
97 86
28 36
30 68
95 47
9 19
79 16
27 17
98 57
51 65
81 17
7 41
5 29
7 24
91 55
66 82
92 75
85 30
1 41
51 74
77 9
16 74
31 71
72 17
99 39
57 48
2 67
87 80
87 50
77 62
47 8
64 48
66 32
5 64
97 68
69 95
2 70
20 2
88 96
27 18
55 28
58 64
57 14
29 80
10 94
95 38
31 19
84 82
88 89
11 4
82 47
42 45
67 97
56 71
29 25
83 59
77 20
60 95
51 48
54 52
42 31
65 55
14 76
78 57
52 66
71 76
55 8
50 19
53 6
8 24
91 64
74 97
92 9
82 21
93 12
32 75
38 25
23 65
96 42
57 3
50 10
89 4
6 52
47 100
33 96
31 92
97 32
33 24
100 68
42 2
18 44
5 62
8 71
37 6
45 80
22 4
60 24
9 48
19 85
58 47
14 29
36 98
3 76
20 80
98 62
94 80
60 89
60 94
93 9
45 72
42 30
7 62
20 5
31 68
21 10
40 12
46 65
44 35
39 57
65 48
90 72
65 28
1 26
8 97
79 29
68 7
94 86
20 52
53 91
68 32
64 85
61 22
67 87
67 4
52 9
19 54
78 77
42 23
21 92
70 100
1 97
30 67
74 92
1 83
52 18
100 5
63 86
48 87
75 38
61 52
12 30
32 83
40 95
71 49
30 22
85 17
48 29
39 55
52 17
34 27
80 16
23 88
33 97
53 44
25 35
71 50
21 89
26 41
52 38
40 61
68 19
63 87
14 56
33 21
64 51
35 82
20 31
50 65
7 80
15 68
44 14
79 58
98 27
83 13
87 45
55 98
24 51
12 22
47 88
24 87
93 68
50 59
61 43
26 96
16 7
92 97
92 99
16 55
7 57
88 46
45 73
53 1
33 91
41 82
38 46
77 54
35 75
59 10
38 77
78 37
19 48
71 62
33 98
68 2
50 75
87 65
46 71
80 37
46 27
5 17
62 26
81 1
26 38
23 24
12 29
22 19
66 42
71 92
86 41
67 18
88 77
15 49
36 65
26 48
65 25
100 93
1 58
64 44
25 37
15 51
28 80
61 31
74 45
6 73
41 64
35 77
79 67
43 13
11 20
93 16
92 94
39 43
3 89
86 40
55 97
46 9
38 45
37 32
21 1
71 86
37 66
25 78
94 70
98 70
25 46
35 73
31 64
96 98
64 21
47 27
34 76
45 2
9 10
33 5
13 97
83 33
33 23
16 37
76 58
9 32
3 51
64 43
93 28
12 72
77 100
68 28
27 87
48 15
46 58
96 94
69 84
96 44
67 59
10 51
87 76
62 31
52 31
62 4
90 91
46 1
23 96
32 89
81 75
95 68
87 83
19 45
42 1
18 57
44 74
52 85
28 4
60 73
61 42
64 37
17 88
24 38
17 90
46 5
36 26
32 70
87 41
98 16
24 44
38 88
79 56
80 86
87 95
96 39
83 39
75 2
27 38
78 95
69 92
67 35
1 77
81 9
53 52
22 93
87 84
64 6
77 47
97 49
18 69
35 1
53 32
34 57
12 35
28 67
87 26
66 72
21 69
74 80
53 28
45 97
77 72
63 42
87 8
71 16
76 89
67 70
1 78
3 15
61 96
24 3
6 78
74 14
24 26
62 79
30 43
26 29
65 89
23 60
33 18
58 15
83 6
91 92
3 13
65 93
15 23
94 89
77 17
76 22
32 59
92 48
81 19
33 65
68 79
58 78
45 56
70 29
25 26
72 24
56 21
85 94
18 35
34 49
48 75
97 36
93 52
27 3
70 14
5 53
52 99
32 44
6 36
44 67
50 55
7 82
58 97
26 20
80 55
78 84
49 28
79 44
74 83
47 99
3 77
26 80
77 24
4 27
26 27
2 69
80 39
39 65
6 68
52 22
7 21
73 74
95 10
7 13
95 75
72 63
52 98
82 32
75 10
90 39
76 6
73 52
76 17
75 91
51 91
47 38
76 77
40 53
5 96
78 72
80 38
99 89
8 49
54 26
61 80
55 71
76 91
36 21
72 26
70 72
30 29
16 91
42 54
66 91
10 88
76 7
21 24
66 51
32 81
92 34
61 14
34 39
25 74
29 63
74 67
39 38
56 40
66 26
38 94
12 46
49 9
60 45
13 16
32 95
82 8
15 50
53 38
56 58
21 15
49 10
6 75
91 83
44 48
64 70
76 13
2 28
17 10
79 36
88 68
1 23
74 29
60 91
14 95
15 52
11 23
78 60
19 93
56 93
59 77
66 36
82 75
50 45
58 18
74 7
10 91
51 41
60 20
6 82
9 56
42 9
42 77
38 70
57 82
23 92
1 59
50 22
94 95
33 27
66 38
11 14
20 27
76 55
68 4
34 65
89 48
2 27
28 69
12 76
75 28
36 59
75 44
64 49
16 82
48 8
32 46
45 15
85 3
20 84
8 94
64 93
43 67
70 16
83 36
76 19
91 93
32 51
38 13
64 75
74 93
85 57
10 93
27 62
88 93
14 19
44 36
100 88
88 71
1 90
22 62
46 37
94 71
35 57
94 3
79 83
78 11
54 44
82 77
35 23
27 94
64 72
13 51
37 8
57 50
45 41
21 99
82 58
53 68
70 22
48 49
20 57
10 68
10 89
42 22
82 50
78 97
34 79
58 37
25 27
10 38
14 62
58 31
40 30
12 94
36 92
18 92
59 39
12 1
63 82
62 48
80 85
11 66
95 77
38 1
46 75
50 11
12 64
43 59
52 92
6 55
81 3
55 47
15 43
24 45
22 72
60 41
17 2
86 66
6 72
15 1
50 48
77 14
78 14
77 99
40 36
19 13
11 32
36 96
69 88
71 67
91 73
1 73
67 51
30 75
12 4
24 96
99 9
6 89
23 39
18 47
95 83
92 90
49 88
57 88
83 4
58 54
44 43
56 94
16 86
20 83
13 85
41 94
52 95
29 93
68 63
87 35
22 10
76 47
9 100
32 36
52 4
98 31
73 75
36 94
76 21
87 54
63 70
18 60
76 45
93 80
2 100
25 91
17 73
41 70
91 30
5 92
1 60
83 23
95 56
92 50
73 55
65 98
7 26
71 91
47 34
56 8
73 27
19 10
37 76
66 15
79 71
22 85
78 28
52 76
46 92
23 37
91 26
79 32
30 78
56 23
14 5
12 56
54 15
81 39
5 50
76 50
52 11 69 68 74 81 33 43 55 29 9 42 49 38 57 98 17 36 75 84 61 76 83 100 91 32 9 36 61 75 11 32 87 76 56 59 12 59 39 88 12 79 48 19 23 33 57 79 33 32 99 98 16 53 99 5 59 31 88 1 75 15 81 22 2 94 79 92 70 28 88 9 29 45 43 53 37 5 39 76 79 39 28 20 3 74 59 67 59 97 68 72 50 65 51 57 93 93 97 7 
