20 10 10
20 9 12 7 14 9 1 16 9 9
14 11 7 19 3 12 4 5 15 8
2 4 8 15 4 16 6 10 1 19
2 2 1 5 18 12 15 13 2 8
9 20 7 18 1 7 4 1 13 4
13 5 20 5 2 16 11 17 9 12
17 16 17 5 20 4 19 13 10 12
3 19 5 6 4 3 8 11 5 2
14 2 9 14 7 10 14 16 1 16
5 12 9 6 4 4 7 8 6 16
2 6 9 3 16 17 16 17 13 8
2 2 4 5 6 20 20 14 19 13
8 5 8 8 12 15 6 8 20 20
19 16 7 9 18 17 11 18 14 17
3 20 5 11 9 16 9 15 2 18
19 11 6 19 1 1 15 16 13 1
1 18 2 19 5 19 9 20 18 6
8 9 13 5 2 4 10 17 17 8
6 8 17 9 12 4 11 13 13 3
7 13 19 1 7 16 10 13 17 11
1 17 2
15 4 1
8 6 6
5 2 13
2 13 5
5 7 8
15 2 3
14 4 2
13 5 2
1 7 12
