0
317
0
1454
5792
5088
0
1971
5108
4072
6945
3623
18
109
2452
7371
6273
9215
5351
3299
2116
1626
352
4467
4778
1889
4009
671
1744
2400
1839
5008
2001
2823
408
1766
2977
5909
3398
4970
7173
4319
2047
653
2823
1476
1994
3793
592
720
6898
2495
1545
906
47
4737
2672
555
6591
147
5308
3562
7503
4139
2523
1670
578
254
3193
4051
1817
3404
6400
6076
1058
8222
3814
1903
6460
853
676
3725
4197
2181
38
4926
1951
116
869
776
5096
619
1089
866
3197
3826
130
5598
640
4968
1456
2842
2834
2023
6283
4212
3111
5915
2101
6998
3881
1309
6156
336
7116
7692
146
7043
8044
7628
3005
2514
2153
740
1704
1382
4822
2640
5165
4748
796
1638
4053
5242
6736
1076
1186
422
1275
1809
4416
948
1304
2026
1805
2194
1490
5455
3975
3243
4241
513
1343
581
2212
6270
5380
1700
1369
1568
684
2485
2891
1667
5786
866
3164
8259
5248
9675
2676
3328
265
350
5187
1142
3983
8902
7520
1875
1812
930
5492
242
2584
2415
2492
1607
4128
3110
2670
4625
1273
4186
3901
3831
5992
4360
135
1187
2011
635
4339
6675
391
2538
3993
2408
3609
3669
7917
3877
7154
2890
3734
7757
51
5898
4218
8050
5524
4282
4464
7283
1115
904
6134
3966
211
2621
8578
1386
1056
1578
1424
6643
1348
4867
857
738
3359
6783
3501
2022
3962
4600
3891
3729
5429
4493
78
1564
555
8356
0
3188
3806
275
515
6976
5182
5096
5343
1348
767
1890
2188
5425
2648
4061
4313
1069
4682
7750
5414
475
947
6661
406
4015
4188
3485
641
6222
2462
6023
932
312
2079
6196
508
427
610
1484
5408
2137
2275
2645
1026
1138
3557
3872
2418
2063
845
755
5159
228
4338
6982
969
1838
3303
3123
513
6656
3880
1917
3481
4877
4808
225
5557
4489
620
2892
5155
3840
3007
7133
3604
4175
4546
5799
252
2533
708
3214
2639
503
3119
255
880
5216
6199
1217
672
729
5148
914
1770
2701
5593
190
3008
7604
2209
1542
2884
1800
6065
893
1392
3079
2021
523
4151
1640
539
3865
290
8914
2901
6198
535
3972
2471
819
2
4622
1935
563
1799
1027
5670
2760
7142
7536
5848
4349
4597
918
3925
1005
3962
3200
1969
7650
36
518
1894
5691
337
3983
2037
322
2435
4552
4858
1184
3325
1203
912
6713
742
1392
3266
230
4464
5612
3705
157
2275
1085
4054
870
3918
3258
2713
2111
777
332
7588
1521
5596
6816
3214
1386
3295
949
1094
4276
6862
1988
1640
1552
4292
1304
1968
6131
1823
956
8950
5979
4663
2975
6680
1767
2641
2493
487
4110
1423
2036
430
4470
4772
4823
6387
5839
95
1224
4559
2849
3933
257
6851
4874
2103
1685
8289
8320
3289
734
12
7883
637
7488
1678
3343
5428
5667
2547
2484
1789
812
1426
5734
9376
2930
2298
2136
42
1138
2446
650
3320
8267
7201
6855
1648
3903
7199
3072
6750
3994
3770
6922
1229
6668
8277
1490
729
546
4354
2665
867
1414
7778
3095
8526
4929
5684
366
6737
7370
1370
6539
6039
9008
1437
8992
4536
5434
5485
3153
7245
2000
4070
4922
1512
2113
4663
1156
4217
5962
7251
2158
5394
7909
1587
437
4296
62
851
8769
320
1621
251
3556
840
1289
5291
2532
1818
902
1973
6150
3345
5003
4201
3572
3878
683
7076
296
6536
6924
4253
1609
6931
8107
4957
4057
5541
8370
8733
5872
1096
5475
5535
1516
6344
6269
2759
4063
2828
2813
1643
607
1322
1416
5447
1470
9840
719
4100
543
4194
4632
1409
3066
7629
2100
4708
8443
1758
5550
8035
6258
5291
240
5485
8125
1471
5617
2309
4631
7121
7404
3295
6267
6044
4697
833
9155
2820
204
2451
4553
1960
4185
737
3387
2455
2926
3990
1849
3182
8337
253
2048
7300
8014
1953
5008
724
1012
6640
5499
1271
4722
77
4934
5559
4727
35
5880
2296
1454
6947
497
195
6994
4474
2284
9445
4880
8317
1208
1718
1805
233
6362
8035
3533
6949
3143
3431
6025
492
7458
907
4049
5753
435
1402
3117
1177
7633
4206
3308
5587
6498
8272
1270
8143
3233
4558
8177
259
7609
1144
3059
7829
3501
4885
2756
4172
6943
621
3608
158
7125
309
4809
2253
4878
1254
3860
5598
685
5577
476
6874
3853
3562
1753
4777
2514
5193
6147
3887
4137
304
5839
9747
763
27
2979
847
2267
2458
9422
329
4853
758
452
3958
3317
5833
5372
6643
727
1944
1140
6369
5420
1450
598
2628
6389
2089
3392
2825
7541
1679
8080
921
4779
1826
8407
665
6248
997
8349
835
1471
1149
6895
2973
1531
1807
6136
3548
1734
799
3584
5130
4179
7014
139
2484
4482
5037
5316
4539
9342
4314
1215
9205
3658
4114
2850
4926
620
1852
6864
6600
4331
3266
7031
1187
1716
4146
5219
5226
4961
2357
515
5175
1331
7409
4147
8046
184
524
959
3289
5066
4443
3482
4006
5485
6879
8453
2391
1054
2117
7591
755
5035
226
895
9408
2734
5662
17
2828
4054
4638
6079
7611
7559
8398
3696
2499
237
1997
228
2510
4491
6597
1887
6091
4157
4319
3278
864
5141
611
950
5982
3020
4944
3574
728
8902
3353
155
2941
1111
9347
388
2167
2906
7531
5396
2293
1889
8285
3083
188
3271
482
5878
4203
943
6213
340
2313
3010
4556
1928
3708
6721
1204
1194
5264
7836
2898
639
3841
1020
1313
2923
885
5610
314
5401
5423
3706
4850
5315
6235
662
1815
4269
5839
195
814
838
3352
2705
5555
3077
7815
3879
2769
7810
2720
5694
4018
4713
6937
594
4344
2002
2550
4552
959
191
3438
2024
2776
5666
2108
90
7614
664
2243
554
748
3079
2791
7949
3302
6984
220
1158
67
3944
3327
1720
3249
789
4550
243
8612
1232
6201
5769
9489
7731
453
5095
1018
5048
1269
4060
2874
3822
7948
1263
1219
2720
654
2831
1359
3179
5731
5947
5106
6558
1074
1669
2792
1917
3961
9049
4634
3872
1580
6792
5357
4509
999
3880
1566
4886
6447
4829
558
985
2506
223
2399
735
6633
1584
897
5065
1898
9143
2532
6654
2154
4923
3146
415
4288
5174
5400
2533
7632
586
761
999
1645
6921
3928
1268
5086
4912
2808
1680
4819
558
273
339
1619
1596
2402
7959
4318
1685
5096
3570
170
3896
3048
3643
571
2301
2244
2400
6581
1969
895
6219
2689
1256
4100
2992
6466
1429
26
1141
1999
2387
4348
94
714
768
3502
2159
5932
6615
2757
205
5865
6753
7017
5985
4365
257
2700
2433
1385
3303
1129
7912
3409
3462
7369
742
5133
6263
3042
5675
2793
8202
3220
7181
282
2784
292
2530
77
7739
2291
14
4362
1657
1082
1987
3880
2318
2759
6612
2697
3058
3081
2127
4018
1255
3743
6461
1818
4944
4889
2924
4544
127
5112
206
9220
7045
4434
577
3541
3602
2319
6114
9363
6263
762
2651
3451
670
410
6110
1893
7201
6978
4726
5874
1279
1477
5935
2935
591
3204
1127
1407
2458
3421
1062
3744
669
4319
3131
1194
23
3356
4241
4928
1539
5530
2431
2547
3812
3692
2862
1630
800
8406
518
4529
262
2996
414
795
4493
2554
683
1830
4148
1415
2250
1777
8222
504
1320
7503
6111
2535
4720
4168
3783
395
1135
1243
466
2617
3242
1867
3178
4092
2382
531
6462
2992
2215
151
2921
2052
2322
5607
8527
1861
2671
5803
5615
2216
733
6541
5300
5183
372
4061
1927
7767
3414
5678
991
6308
8253
429
2939
2928
351
1561
2874
6685
820
73
978
7772
4009
2911
1115
1453
754
5981
5952
915
2994
1715
902
1590
3636
6030
2504
4579
77
3309
672
6295
4395
3860
7402
2146
5355
16
95
566
187
7694
2806
4201
0
6056
1324
281
584
628
1518
126
1717
3487
2788
2100
3552
1928
3560
4046
1179
1402
438
9096
73
2504
559
3672
3952
1615
636
4731
1066
9218
2869
6099
6135
5861
7104
528
5059
1821
4670
5443
4363
6572
7943
2075
6077
4579
7418
3131
2439
5212
3126
3476
2606
4544
1200
2611
4449
7309
372
3377
7576
4528
1460
6361
8831
2644
8713
2881
904
5189
1370
4239
77
6694
5973
3884
3059
1373
5492
1347
1639
4719
5347
3309
2519
1951
1123
3711
1956
583
312
1309
8067
3093
1831
563
3717
4325
1106
2103
581
1781
5787
7255
2080
5850
799
7496
307
8342
632
2660
2413
2605
766
11
7295
3407
4653
3977
2308
572
1145
843
316
3469
4553
1993
7825
2807
1814
6221
917
2387
686
5162
6248
1046
3160
4593
6162
2150
4419
2309
1260
4787
2629
3453
2844
4347
1944
19
5890
2329
4314
2616
1857
4216
4480
3729
2935
5717
5413
1951
19
2357
6551
8520
480
63
6403
3930
420
750
7698
3696
3650
3995
4031
7681
8622
3063
780
3983
7964
3687
265
556
1173
4805
3344
4722
634
7043
3072
113
2424
8509
6020
3212
1232
5934
8434
489
5964
4209
7824
916
6364
942
6828
4916
1807
1934
1169
1506
267
3828
8448
3798
2874
4484
843
9
7069
3284
2535
1287
410
4280
6019
532
1807
7318
2135
1301
9196
2911
1251
5433
9094
6348
2237
2261
3733
5377
4124
24
3155
131
8524
2312
3929
4304
1308
3107
2736
2677
1016
689
7755
264
2501
7094
4451
4162
1417
3109
5390
1359
8395
8188
1314
3393
7638
1505
4571
330
217
2060
1598
5571
5808
3862
2329
4195
5949
1725
1766
3789
1569
1034
6997
1524
4831
3648
7853
2208
958
2560
1201
4588
3264
91
329
1918
5929
3596
2842
2655
2242
7876
7391
731
2975
3268
1783
1319
1368
2415
3948
2135
3591
3613
1372
8001
3250
2543
15
3848
2501
5644
60
2261
4304
893
1744
3856
5976
7124
24
7758
399
2199
8141
2333
1971
546
3839
3597
4401
1570
3263
1856
1065
610
722
7536
355
6871
6550
4824
1363
6020
5911
1956
4504
9241
1591
1642
644
5198
2197
101
50
8343
1785
3648
3654
2455
5456
4363
1150
1119
2841
3457
2931
4017
517
8627
7250
5283
3470
838
2759
1130
721
4084
5674
1922
1004
2565
1418
1551
453
3949
5805
1364
4676
5688
637
1270
3122
1213
4573
8377
6789
6015
2723
476
6893
9442
8945
2857
3147
2253
816
2009
514
8342
821
701
4969
2645
4615
5521
6455
2153
6150
6540
4769
2349
1320
3284
1595
1564
6634
2641
1215
1197
3284
1638
8068
544
1965
3062
9033
7375
3810
1080
458
5201
8034
2180
9288
2728
645
1246
7336
2694
198
2678
7851
5816
4701
4008
6520
884
2623
6282
248
5148
6256
1507
916
7084
752
2349
2238
1966
2756
17
6391
1720
1807
13
8400
5456
2622
517
15
1656
6131
346
3710
2045
372
9110
2265
3125
734
2536
5182
2108
417
1860
1515
7562
7680
3816
8735
2227
414
110
2737
4010
3483
1510
528
1329
6803
2265
5947
186
4448
4183
2031
2897
4355
3571
6171
5416
4671
2203
253
5180
1632
7672
5910
3297
6288
7324
5115
7266
2730
2220
797
902
6596
4829
101
3784
4545
1158
7464
6091
507
2366
6885
5048
5662
8170
2409
5976
988
4064
836
139
3109
4743
1901
8862
99
4159
1681
5154
4108
3089
4507
1411
8045
2702
3110
4496
998
7118
60
1560
2899
4946
28
3753
709
3896
3862
2273
1381
5381
1927
4301
8574
4926
3620
8342
1359
5732
1286
1163
6
2496
1763
2972
2187
2094
2158
4048
799
1921
3807
1402
5987
1636
3656
5231
9637
6449
2426
3115
6340
1573
1634
512
2262
145
305
3015
6732
1374
2381
3623
3580
3806
8120
3032
4326
1971
4333
6527
470
2546
2474
64
2211
3064
3593
364
7733
296
2364
25
4891
5591
2427
5367
1332
223
3086
842
5533
1345
4094
6553
3796
260
4466
1158
7349
193
3557
4878
3486
9137
9081
2553
2877
239
1716
5718
628
4828
393
3713
3992
3984
1056
4754
4936
1606
4194
2728
1525
3113
559
2323
4433
630
1693
2058
1111
2635
3369
365
2686
1946
6468
5651
2509
530
2310
1263
3143
6562
2460
4118
8564
711
7122
7761
4947
6235
2298
4320
2638
2867
3901
4465
577
5595
365
8049
7283
1758
1088
4612
2187
6033
1000
489
1204
5088
7382
1058
284
5458
4146
443
804
3272
2417
705
8228
5981
2232
2982
1058
5398
4255
1259
2132
1946
1943
2322
1138
8245
569
5518
8645
3397
1802
4462
3850
5324
1857
955
711
6280
844
6341
6843
2095
746
7864
615
2448
2496
5193
1044
3505
1477
2763
3069
2887
502
4226
5386
1448
3760
752
414
4657
5664
2371
3314
1724
1967
5439
3604
3635
2421
4139
1813
5369
2130
2754
8481
2182
2525
7310
1610
2781
104
1724
2286
5188
5415
2808
1230
349
1159
3442
3217
5542
1492
2282
7909
1185
638
8489
59
8001
3686
3565
1450
1699
524
4387
6426
4111
1387
6306
3100
3797
2989
1566
2261
530
2714
5414
3905
8696
7378
3600
2199
1150
1651
2319
2711
2124
2363
8782
8447
3587
3656
2
2410
3799
5395
2823
3154
1787
5925
1127
1509
3087
4355
1830
2024
441
2491
9390
2344
141
3016
5083
4706
7661
3947
4681
969
174
3276
1244
883
3038
2508
1222
2318
1075
4283
4775
1279
3582
80
781
2281
283
1145
2272
7732
2021
1165
1298
2932
6893
5585
6444
2484
3002
1189
492
153
4279
4042
74
1715
4478
6511
5441
6121
4109
5471
6001
96
1739
2585
5247
1077
4486
3146
4735
2838
2873
9748
5734
726
2909
2388
322
853
2834
5159
3632
2044
7604
3419
2526
187
2682
4261
2653
1158
2691
4286
6765
6858
2809
1229
957
153
4022
6198
3699
1080
868
2319
639
2991
884
456
1016
5117
1693
1029
437
675
4855
1441
1273
4069
364
6543
1432
5462
5222
1766
1798
1436
821
3760
6006
3527
8281
1858
1863
2251
7398
290
2053
3260
3142
7205
1979
1134
656
2262
1364
2824
418
2856
69
7091
4789
2724
914
4928
1899
55
8482
4589
2315
1053
6466
1224
829
802
3403
680
1830
5783
2860
517
4871
4067
2568
7136
3887
2786
218
405
120
3042
501
3806
632
2898
9163
3493
7608
6267
1536
1636
3608
7138
2766
707
1845
5754
3194
3734
1916
4694
3704
7983
699
1738
1377
4378
891
5445
936
6485
1654
3566
6971
1274
970
4651
937
3116
503
1535
3731
1896
130
2928
1221
3618
4373
438
368
1109
723
7774
5477
6397
2675
6976
3250
2174
9221
82
1214
3385
5205
3298
2299
1151
1218
6073
123
4885
1026
104
1837
5083
5897
4531
1066
117
1605
4561
2290
6278
6177
4202
7817
6828
3453
948
4013
6378
153
6554
18
5306
5532
6099
3643
2180
1563
4918
2073
96
53
2079
4511
368
2067
6980
6618
4930
2114
3477
6511
4436
2632
3258
2433
7504
1319
66
4264
2711
1196
1126
258
1604
781
994
2377
2368
4107
287
1216
311
6102
1716
5592
4616
4043
6586
365
7
468
898
1098
199
826
3600
1668
7211
7020
4914
1282
1270
6200
7634
4126
1116
6931
1225
4515
2450
1513
1064
5114
950
5088
4662
6445
3428
5246
2040
3515
4264
582
728
1714
6890
1019
1236
571
1892
7675
2113
1951
434
5687
31
2684
3629
1059
3382
4553
6475
1390
2783
401
2702
6301
4050
1661
4864
3043
2558
647
3293
2943
2250
2181
4037
306
5684
3631
1358
3950
1231
1257
2318
410
592
5811
6220
8621
5432
615
8844
1995
7449
2775
116
1537
4440
6644
1684
5299
2290
6000
2350
3625
8122
7756
2383
4488
504
7506
3221
4539
3283
448
1593
3158
3568
2888
450
3671
883
5645
5983
5956
4720
908
29
487
6964
5828
568
2744
1703
34
2227
7991
6628
1791
3747
1141
3740
0
958
1255
4590
640
7197
749
1909
2973
883
2178
90
463
6954
2436
292
3587
5586
102
2073
5653
270
975
2114
6168
2954
3837
101
5978
2636
5250
435
4392
503
44
52
530
7584
2754
67
2829
3167
2741
4676
5022
1691
3040
4304
8583
1725
384
2007
6642
2040
9224
4003
3663
7955
83
7729
3658
5240
4909
1553
4901
86
6574
1221
3731
240
3072
1799
1010
6244
3660
108
7021
870
6326
351
2044
6032
2304
4320
4548
3384
953
1047
1148
333
5731
4705
6566
190
76
2052
5500
6240
841
4562
163
1281
3050
1988
2606
4089
7009
2372
1497
4348
8269
6651
2203
3395
8987
2681
5396
4801
3745
2942
474
2478
4460
2066
3362
6929
5908
2437
3299
5612
8596
3550
1714
7384
6915
1503
835
8576
1324
1999
5964
7747
6970
130
711
52
2237
336
4674
421
4062
1403
550
5241
1177
742
2849
2325
6229
325
894
5947
7862
8130
5002
4116
325
2448
1557
614
2
5818
1495
546
3089
3322
8700
3154
3742
4088
6646
8151
1562
2150
4919
840
4781
6290
2886
2656
2202
4045
5884
298
5340
222
1466
4371
5409
4923
6171
3020
1151
2903
681
4758
8964
3571
1076
1460
3990
585
46
3841
1248
4201
5443
1004
6269
4750
3340
2891
178
3117
2187
2798
3767
1452
942
7098
1561
5728
1320
4133
6783
9898
2391
5037
6122
884
1829
3631
5022
7707
5158
1888
6770
3330
4409
6302
1829
4066
472
7645
4237
1789
592
564
1786
8203
3271
8272
1824
527
4954
1324
4361
366
302
2904
4524
3975
2457
4416
7519
1068
1578
7500
4685
5548
4914
5654
1076
1347
2756
4220
7021
4415
5503
5498
5726
8688
243
1765
1036
4339
7699
6085
3379
893
6409
4979
4811
411
3124
1343
4274
2351
2011
3289
3098
5288
149
473
741
2272
3645
2960
2634
6450
6053
3168
1359
4667
4381
3750
5673
5079
3152
3254
2123
3574
2056
3641
3031
112
7161
488
3208
6351
3143
1092
1240
4853
718
161
2860
8897
4910
1902
5986
6610
268
3913
2148
5811
2825
187
1550
4799
5023
3978
2183
5299
7415
2577
7023
3235
4542
111
5507
384
2380
92
1764
1136
4893
901
6363
1556
6332
254
3119
1651
3328
5775
773
23
9155
2513
2517
3849
1428
2412
390
7151
1948
1727
1804
2959
5332
580
5022
2293
8218
5966
7926
965
67
3481
3210
3242
1172
6720
3547
2385
3424
1492
2853
3622
2416
4506
872
5200
2149
8112
2750
733
1212
3024
1669
397
2988
3197
1673
2894
5599
4413
3980
2079
3518
1439
52
5003
2554
6197
1533
8710
4130
2508
3779
3312
3316
3715
1736
1770
5760
5270
1136
4366
1895
4373
1689
3445
1128
864
294
938
1845
7071
291
10
4850
8504
2882
7757
1135
1054
786
4363
909
119
2015
6404
1281
1925
5686
590
3627
7430
1709
5648
6691
1025
2790
1781
3493
3097
7087
5224
7783
3861
2032
2693
3517
2366
4665
6026
3329
6538
5181
2601
484
3740
2341
7942
1465
1429
3782
3467
4396
1702
2260
4971
6705
2337
1442
6319
5527
69
7046
3291
1384
5318
2197
4328
4319
3994
6610
2173
4197
2673
3759
2458
3879
6700
1506
162
486
5377
323
2354
1839
290
75
4355
6935
1693
997
5545
4114
6365
620
1968
884
3889
1529
1568
3074
9469
116
1685
1589
1460
3307
2057
157
2134
4324
848
1036
6442
3159
5917
572
2035
7860
3925
1420
1593
5350
1365
5580
4594
2469
2208
2258
528
2303
3714
3015
1578
6555
1054
385
1157
624
2181
3113
4905
7532
2853
597
2741
5136
18
5387
4217
4657
2863
6397
3258
667
1259
1788
3120
7974
2274
3063
5090
3465
2687
3440
1826
313
6542
4149
3675
7944
2000
1850
2838
6086
1494
659
1487
3655
3008
3616
752
254
8799
1602
972
5259
8667
2252
4394
194
1031
2492
5381
4298
15
992
810
5394
2921
1791
371
7305
2103
2992
7777
4147
578
362
2346
6276
6983
5365
2953
5767
5925
4733
2016
5905
1112
5490
5522
2998
4303
969
905
4165
6954
2266
2508
820
1737
8297
7018
6448
3974
3859
441
5601
1253
5065
5347
5675
6823
2125
4590
2012
2964
4798
304
3879
4660
1751
348
4749
2107
4960
445
4533
1074
1352
4696
1483
6097
2831
6334
7160
2546
722
2350
487
174
929
433
7391
359
9712
6038
7323
6792
4224
1461
1096
35
2576
5671
2970
3511
4649
2174
297
6096
674
2864
7623
166
5960
6269
2043
2172
3690
6574
2135
5725
6388
6544
1514
2412
5074
6149
1400
7788
1491
2132
8720
4
8883
2313
7853
931
893
2463
2815
1278
3693
5711
6752
6861
81
1328
6593
1622
4345
6856
5632
2408
892
261
8792
1263
6962
5374
1068
111
7025
542
1021
4468
7003
3504
3728
471
2386
7118
1506
1197
5499
958
3015
3761
1863
6693
1539
3753
5576
1933
4168
549
217
4528
220
4236
5031
2214
4278
1690
3627
5484
2327
9597
5390
4471
7541
1527
2171
1603
5937
3999
7507
3270
5552
3029
9257
3192
994
3260
720
968
1253
3366
1991
3950
562
1167
3031
6003
682
1726
1811
4811
1356
5654
1319
8066
727
2322
4208
913
2668
2819
4381
1676
2511
6207
30
2981
2071
3018
5455
689
29
5298
1260
6342
172
4823
2877
5618
3382
7114
1123
1114
641
183
318
5372
1730
2935
2294
787
4954
2843
7314
223
2976
2820
6893
4819
3520
1652
1844
7791
4610
3966
6214
6292
5151
233
815
1
1464
4866
5673
317
5664
1764
6704
4504
6691
9539
3910
6138
4590
3417
3972
91
3815
3361
19
4234
1423
4818
483
751
2416
5949
15
2661
4262
7171
1172
4436
3330
1483
508
651
8861
900
620
444
2402
4818
4902
1230
1943
4131
7144
3135
4010
3800
4468
1629
1868
569
2059
1223
4036
2989
1215
4146
6775
1032
2389
7302
1035
1956
921
4232
9441
1642
5126
3580
179
1388
7520
560
6797
688
6781
2241
1089
894
4941
3530
5101
188
888
4212
892
1423
362
44
7151
4708
9771
7418
6178
490
852
7045
1440
982
5602
1436
3438
3906
3308
378
1150
846
2746
405
4894
214
120
6501
1667
434
2753
4212
235
5629
1521
2310
142
598
4403
5067
28
728
1866
673
8321
4589
2982
3275
1376
321
1669
8109
1565
7657
5115
4041
6199
8945
2880
8553
2792
1170
3599
3799
1917
3951
1384
4934
5863
1384
677
3003
3787
1516
4734
1304
2823
3900
2628
5038
1713
476
5617
5876
5000
350
3932
5741
1271
3244
8226
3907
3480
4637
4209
629
186
4317
3212
3680
1017
2391
4030
2075
624
6384
1104
4569
376
1217
6874
1215
8760
3154
2
1327
204
3243
1601
423
3281
3236
26
291
1183
1583
648
7254
2353
780
688
2839
1353
4033
3389
1344
9752
544
5448
744
3266
685
1159
927
57
1935
1670
2341
3572
5988
5053
4763
8124
5069
1283
3019
4619
876
3366
4917
96
3500
2434
1994
3320
3490
405
5774
5856
866
2822
3596
4297
1496
5321
5231
3673
4120
5693
1202
4947
3785
723
7563
1765
2821
2354
1526
7818
2505
1827
1417
6067
6058
7237
1729
973
5515
3159
4238
436
2691
2940
5727
4822
3425
657
1861
858
6225
4901
475
1897
5792
1226
654
2262
7681
1955
4287
5417
4061
2092
1327
538
6620
3517
9214
2200
7853
689
1751
1552
2780
5243
2009
2533
6027
2164
175
2559
238
1243
7904
3226
4997
2134
2979
815
4235
5262
4347
1760
2593
5239
2374
1376
2764
7080
4401
4864
9451
7574
9713
5577
1511
4147
2936
2559
6152
3477
7461
2612
5922
5471
9340
4165
3526
1938
2270
41
3111
1072
4423
3903
934
3040
3822
2621
1865
4787
3124
202
1557
4414
3171
1195
4532
597
1137
4890
5292
6189
2724
6668
5413
2706
4874
1264
5804
5125
2119
1951
1232
4685
2601
1211
850
2699
772
4990
1266
943
698
4652
2792
101
1038
6889
741
4434
5864
6678
3353
3756
1824
5981
5464
4898
2440
4435
3019
639
2623
564
8132
756
3891
6818
1686
2694
4741
2130
3763
6915
1659
5110
1737
551
1973
1114
1160
1589
228
1988
142
689
1534
1903
5333
754
3049
2535
2883
3791
3530
1241
6112
1837
1103
999
2018
3664
940
1822
672
1550
616
529
2536
861
3222
79
3467
1644
5173
3901
2877
4294
2168
2469
3548
1045
2802
1157
5989
1062
741
3649
5165
7412
3749
5730
8119
38
2653
3222
2443
7292
340
4053
1724
2483
5776
5303
1785
3373
6697
4777
5887
2173
1566
7445
2704
8068
4272
792
3153
7440
5045
5334
4163
2243
5036
5711
2942
5772
7314
5300
552
4810
8492
189
883
1523
1544
218
1918
2112
4768
4475
9078
2806
1202
136
2683
1987
2759
6723
302
483
8404
6477
6723
2347
825
2173
631
5389
3930
7933
2431
5324
749
1160
837
3597
4085
20
8188
2759
3736
1871
2635
7267
5377
3880
2623
2224
703
1383
4014
4682
4747
1810
145
5936
6253
1331
402
6224
471
3089
3941
1993
2437
308
3317
251
3498
1726
459
7437
254
2545
591
5144
6024
6463
1281
3421
6601
3826
2150
6450
4075
2464
5274
5966
2198
3323
2258
2426
478
96
49
2283
1976
3620
2162
9659
332
7391
2085
3804
4002
7131
3409
2126
1292
3713
5335
6941
1352
8332
6866
3979
1768
4069
7212
3906
1863
4897
5
7464
7619
1068
8146
4029
7778
9304
5662
3195
904
5075
4503
1204
4157
5044
8599
1853
932
1952
3767
2918
4494
3468
5215
2460
334
1565
1014
7401
923
2113
410
1555
2135
7260
8019
358
5908
2486
2048
7001
6522
1692
595
2897
55
7502
1059
1984
5519
5140
3692
1571
665
4387
6504
1363
2216
104
7898
6769
790
2463
8443
951
829
4207
5267
1987
428
3207
6874
151
132
190
1894
3745
7844
3868
3757
4939
1270
9703
4555
9073
1151
1402
1457
15
582
372
6993
1078
1101
4888
2682
784
4102
3386
5295
4016
1032
6031
5331
1455
2909
7356
1793
544
3249
495
5523
2883
4943
122
7025
185
5871
982
3559
5363
7814
2140
2856
1929
7472
1248
1510
3784
905
2528
5861
755
583
442
72
237
23
1692
2366
2053
127
1447
1259
5366
1567
806
3228
4536
2281
6838
6047
6981
251
3419
1702
4248
209
4703
2511
1919
6214
1034
9349
1064
4615
4994
7425
4152
6733
3507
2475
3451
7326
2444
68
5120
7162
7462
2885
1393
191
3550
7226
2085
2213
2286
1458
2634
2912
3706
3135
4080
1285
5900
3173
735
2794
2687
3666
3747
8342
1989
4092
911
1517
6049
1241
8597
3646
2516
83
782
2387
2744
5853
641
4520
327
4100
226
1583
1875
5073
3949
5808
679
7991
3144
1026
900
6331
3696
758
1854
4518
5213
2104
5924
2473
3661
241
1588
3340
501
3952
1190
5599
508
5580
541
6505
5424
1491
3607
7257
81
658
2916
6003
944
2609
997
5998
1313
5319
1570
5152
6252
3053
3900
1869
4354
6207
2030
6750
1518
4322
3380
2868
3794
1633
4842
2743
945
828
4242
3916
1141
2963
2721
1574
1089
4193
4371
1550
2578
5429
1709
1716
343
1310
4805
5474
4975
6029
225
5255
6135
4150
2224
1451
2611
2477
952
2689
1779
4460
3871
257
662
2214
332
3164
7558
3198
313
540
2800
1789
2607
1858
1212
3070
9359
2310
6377
1081
1595
927
4308
4753
6393
1248
1200
4352
8039
3500
1887
2640
7954
9120
4701
2712
335
236
2871
4388
9081
2642
2838
1278
408
583
1230
3883
5700
2462
2051
817
2671
1396
3916
1331
6189
2216
5270
4353
5763
3402
5754
3136
6064
3219
302
55
7169
9848
3942
1824
2833
82
4430
1521
2868
17
3448
3090
7105
3857
1986
324
1943
3561
6020
4366
1479
2030
392
3831
4613
3734
5953
3601
194
6273
2739
581
2601
444
8009
1352
1802
8294
3996
1306
8644
5250
7008
2304
1450
86
1138
3248
9
738
1772
5776
1114
7958
447
7230
300
8790
4689
2942
1542
1690
1139
6916
3989
616
1409
1486
3912
9553
1866
6811
6167
1970
6011
8681
1484
376
4300
201
3472
1690
6128
2466
2305
4673
4033
4723
8017
643
5538
2965
5482
649
2989
186
2112
5863
2128
6098
3959
3267
9102
460
3309
2355
786
4287
2344
2920
2852
1531
9302
4055
4197
407
2379
1323
922
4952
2982
4980
4231
3337
280
2127
6122
2538
5955
6528
1032
1707
947
1140
5232
3808
800
1197
3372
665
5460
617
4930
411
4256
142
7228
7316
1445
6560
9655
3947
1653
6648
7717
377
8180
8295
6813
4607
1971
1424
671
4563
100
1749
420
1545
6227
7207
5473
3209
246
7549
191
4999
3828
7378
809
3172
1128
1051
2668
955
6968
2282
280
2101
2514
578
3085
219
1597
4121
3210
2913
6352
1739
1120
3279
9082
1887
1273
3957
3368
3612
2084
768
2919
5991
2330
5052
1059
2605
5615
753
751
8090
3671
2747
1618
5528
2255
1884
2576
3099
3097
888
1572
2250
1241
898
3994
136
5328
1305
2705
2886
484
3195
2815
5482
1869
124
5580
913
5030
2862
3871
2275
5384
1828
3972
257
3579
203
1426
3421
734
1907
6132
10
5645
5123
2699
199
2505
1184
3545
1269
2297
904
3059
3765
1391
7365
4941
1727
4957
2252
670
3082
1450
1542
4011
1174
6535
6522
294
1902
95
2680
82
946
523
4750
158
7630
8951
668
2761
6833
1398
7449
3410
